,MinAbsPartialCharge,NumRadicalElectrons,HeavyAtomMolWt,MaxAbsEStateIndex,MaxAbsPartialCharge,MaxEStateIndex,MinPartialCharge,ExactMolWt,NumValenceElectrons,MinEStateIndex,MinAbsEStateIndex,MaxPartialCharge,BalabanJ,BertzCT,Chi0,Chi0n,Chi0v,Chi1,Chi1n,Chi1v,Chi2n,Chi2v,Chi3n,Chi3v,Chi4n,Chi4v,HallKierAlpha,Ipc,Kappa1,Kappa2,Kappa3,LabuteASA,PEOE_VSA1,PEOE_VSA10,PEOE_VSA11,PEOE_VSA12,PEOE_VSA13,PEOE_VSA14,PEOE_VSA2,PEOE_VSA3,PEOE_VSA4,PEOE_VSA5,PEOE_VSA6,PEOE_VSA7,PEOE_VSA8,PEOE_VSA9,SMR_VSA1,SMR_VSA10,SMR_VSA2,SMR_VSA3,SMR_VSA4,SMR_VSA5,SMR_VSA6,SMR_VSA7,SMR_VSA8,SMR_VSA9,SlogP_VSA1,SlogP_VSA10,SlogP_VSA11,SlogP_VSA12,SlogP_VSA2,SlogP_VSA3,SlogP_VSA4,SlogP_VSA5,SlogP_VSA6,SlogP_VSA7,SlogP_VSA8,SlogP_VSA9,TPSA,EState_VSA1,EState_VSA10,EState_VSA11,EState_VSA2,EState_VSA3,EState_VSA4,EState_VSA5,EState_VSA6,EState_VSA7,EState_VSA8,EState_VSA9,VSA_EState1,VSA_EState10,VSA_EState2,VSA_EState3,VSA_EState4,VSA_EState5,VSA_EState6,VSA_EState7,VSA_EState8,VSA_EState9,FractionCSP3,HeavyAtomCount,NHOHCount,NOCount,NumAliphaticCarbocycles,NumAliphaticHeterocycles,NumAliphaticRings,NumAromaticCarbocycles,NumAromaticHeterocycles,NumAromaticRings,NumHAcceptors,NumHDonors,NumHeteroatoms,NumRotatableBonds,NumSaturatedCarbocycles,NumSaturatedHeterocycles,NumSaturatedRings,RingCount,MolLogP,MolMR,fr_Al_COO,fr_Al_OH,fr_Al_OH_noTert,fr_ArN,fr_Ar_COO,fr_Ar_N,fr_Ar_NH,fr_Ar_OH,fr_COO,fr_COO2,fr_C_O,fr_C_O_noCOO,fr_C_S,fr_HOCCN,fr_Imine,fr_NH0,fr_NH1,fr_NH2,fr_N_O,fr_Ndealkylation1,fr_Ndealkylation2,fr_Nhpyrrole,fr_SH,fr_aldehyde,fr_alkyl_carbamate,fr_alkyl_halide,fr_allylic_oxid,fr_amide,fr_amidine,fr_aniline,fr_aryl_methyl,fr_azide,fr_azo,fr_barbitur,fr_benzene,fr_benzodiazepine,fr_bicyclic,fr_diazo,fr_dihydropyridine,fr_epoxide,fr_ester,fr_ether,fr_furan,fr_guanido,fr_halogen,fr_hdrzine,fr_hdrzone,fr_imidazole,fr_imide,fr_isocyan,fr_isothiocyan,fr_ketone,fr_ketone_Topliss,fr_lactam,fr_lactone,fr_methoxy,fr_morpholine,fr_nitrile,fr_nitro,fr_nitro_arom,fr_nitro_arom_nonortho,fr_nitroso,fr_oxazole,fr_oxime,fr_para_hydroxylation,fr_phenol,fr_phenol_noOrthoHbond,fr_phos_acid,fr_phos_ester,fr_piperdine,fr_piperzine,fr_priamide,fr_prisulfonamd,fr_pyridine,fr_quatN,fr_sulfide,fr_sulfonamd,fr_sulfone,fr_term_acetylene,fr_tetrazole,fr_thiazole,fr_thiocyan,fr_thiophene,fr_unbrch_alkane,fr_urea,aveaffinty
176870,0.162995093641,0.0,370.259,5.857396779889999,0.48726952039099997,5.857396779889999,-0.48726952039099997,393.168856216,150.0,0.392174356428,0.392174356428,0.162995093641,1.95691673539,1001.0042023,20.4764807269,16.4746496311,16.4746496311,14.2450447005,9.107799662789999,9.107799662789999,6.071032106690001,6.071032106690001,4.08284481567,4.08284481567,2.6826134594299997,2.6826134594299997,-3.34,4235838.81267,20.3956920022,10.2715889543,5.34772017314,169.532263228,24.2642404192,25.358946781599997,11.499023666600001,0.0,0.0,0.0,0.0,9.96795704189,0.0,6.4233498956199995,11.9868013873,24.2654682738,36.9230241319,18.7304646466,18.9474518152,22.4081739846,0.0,9.96795704189,0.0,0.0,45.9639115446,48.2889739772,0.0,23.842807881,14.790514511600001,11.5052490525,11.499023666600001,0.0,50.6150799825,9.4737259076,12.343784214500001,5.5634514916999995,42.7255224855,0.0,10.902924932100001,0.0,74.73,0.0,0.0,0.0,0.0,43.7444143025,22.1537626985,6.327320074759999,14.2195950826,36.398202410799996,21.2051799648,25.3708017108,0.0,0.0,0.0,0.0,0.0,0.0,0.0,0.0,0.0,64.6666666667,0.272727272727,29.0,1.0,7.0,0.0,0.0,0.0,2.0,1.0,3.0,7.0,1.0,7.0,10.0,0.0,0.0,0.0,3.0,3.4051,111.9397,0.0,0.0,0.0,0.0,0.0,2.0,0.0,0.0,0.0,0.0,0.0,0.0,0.0,0.0,0.0,2.0,1.0,0.0,0.0,0.0,0.0,0.0,0.0,0.0,0.0,0.0,0.0,0.0,0.0,2.0,0.0,0.0,0.0,0.0,2.0,0.0,1.0,0.0,0.0,0.0,0.0,4.0,0.0,0.0,0.0,0.0,0.0,0.0,0.0,0.0,0.0,0.0,0.0,0.0,0.0,2.0,0.0,0.0,0.0,0.0,0.0,0.0,0.0,0.0,0.0,0.0,0.0,0.0,0.0,0.0,0.0,0.0,0.0,0.0,0.0,0.0,0.0,0.0,1.0,0.0,0.0,0.0,0.0,2.0,0.0,4400.0
447077,0.25942965141999996,0.0,427.231,13.0028347118,0.324084306735,13.0028347118,-0.324084306735,442.042187492,146.0,-0.234694121348,0.234694121348,0.25942965141999996,1.80778475061,1269.4010949,20.543241116500003,15.610218736199998,17.9385732091,13.9735655482,8.69931707262,10.67999089,6.348354494369999,8.04240755911,4.5064896146499995,5.86176881747,3.07109366366,4.13160666916,-2.54,4161881.32689,19.7624668058,8.06476767016,3.8333469577,181.267082484,5.316788604009999,5.647177220770001,0.0,5.94833928099,5.55926689505,0.0,9.36163683186,4.98397852095,4.98397852095,11.7618849494,35.3346139174,42.653971594299996,34.7770610107,15.6087181192,0.0,57.6328917208,0.0,14.535056689700001,7.04767198268,4.89548347552,11.5725577875,75.12685082590001,0.0,11.126902983399999,10.876055499100001,11.635725555699999,0.0,34.9637647299,20.7908258732,7.04767198268,0.0,0.0,64.4178007789,10.0452666275,22.160304418600003,0.0,59.81,0.0,4.794537184069999,0.0,5.55926689505,38.1539103271,10.5828697502,4.56709964779,49.2718687775,30.521237457399998,15.2847456459,23.2018797805,0.0,14.2627864478,0.0,0.0,0.0,0.0,0.0,0.0,1.48164866255,50.47778711189999,0.0952380952381,29.0,1.0,5.0,0.0,0.0,0.0,2.0,2.0,4.0,6.0,1.0,8.0,4.0,0.0,0.0,0.0,4.0,5.7678,121.7407,0.0,0.0,0.0,0.0,0.0,3.0,0.0,0.0,0.0,0.0,0.0,0.0,0.0,0.0,0.0,3.0,1.0,0.0,0.0,0.0,0.0,0.0,0.0,0.0,0.0,0.0,0.0,0.0,0.0,2.0,1.0,0.0,0.0,0.0,2.0,0.0,1.0,0.0,0.0,0.0,0.0,0.0,0.0,0.0,2.0,0.0,0.0,0.0,0.0,0.0,0.0,0.0,0.0,0.0,0.0,0.0,0.0,0.0,0.0,0.0,0.0,0.0,0.0,0.0,0.0,0.0,0.0,0.0,0.0,0.0,0.0,0.0,0.0,1.0,0.0,1.0,0.0,0.0,0.0,0.0,0.0,0.0,0.0,0.0,0.0,26.0
3062316,0.26699954573199997,0.0,461.809,12.6930818003,0.395044548199,12.6930818003,-0.395044548199,487.155721752,174.0,-0.2666136091,0.17311797422800002,0.26699954573199997,1.43159291289,1111.43217072,23.3716682413,18.50713466,20.079560187000002,15.923055290999999,10.6586032842,11.8530643381,7.75141520259,9.189264211260001,5.36189896534,6.5884077171,3.6317796715699995,4.619262291619999,-2.79,33876609.8408,23.370935025999998,10.429649852999999,5.772233374480001,201.001960408,20.640014333699998,22.3372772474,5.131558479840001,0.0,5.907179729349999,0.0,9.69444691492,14.9519355628,0.0,0.0,35.0704599051,25.477292959499998,38.790149098,23.5137451246,9.90106457891,51.2995758077,0.0,19.8518452937,0.0,13.847474399400001,54.8641509329,51.7499483426,0.0,0.0,15.533486938900001,22.4546703102,0.0,22.9377257682,70.196216412,0.0,13.847474399400001,21.0595403675,30.4623118455,5.02263331374,0.0,0.0,106.51,0.0,4.794537184069999,0.0,12.5140616939,38.9057489437,37.5603398932,17.5336294495,6.06636706846,32.0465756048,35.3853322326,16.7074672851,0.0,7.45783051386,0.0,0.0,0.0,0.0,0.0,0.0,0.0,67.4866139306,0.363636363636,33.0,3.0,9.0,0.0,1.0,1.0,1.0,2.0,3.0,9.0,3.0,11.0,7.0,0.0,1.0,1.0,4.0,3.31354,132.0467,0.0,1.0,1.0,0.0,0.0,3.0,0.0,0.0,0.0,0.0,1.0,1.0,0.0,1.0,0.0,5.0,2.0,0.0,0.0,0.0,0.0,0.0,0.0,0.0,0.0,0.0,0.0,1.0,0.0,4.0,2.0,0.0,0.0,0.0,1.0,0.0,0.0,0.0,0.0,0.0,0.0,0.0,0.0,0.0,1.0,0.0,0.0,0.0,0.0,0.0,0.0,0.0,0.0,0.0,0.0,0.0,0.0,0.0,0.0,0.0,0.0,0.0,0.0,0.0,1.0,0.0,0.0,0.0,0.0,0.0,1.0,0.0,0.0,0.0,0.0,0.0,0.0,0.0,0.0,0.0,1.0,0.0,0.0,0.0,0.0,1600.0
5328940,0.162840613927,0.0,501.224,9.745119971860001,0.49511664318899995,9.745119971860001,-0.49511664318899995,529.1647451480001,190.0,0.35683459240000004,0.35683459240000004,0.162840613927,1.57080663664,1272.89495404,25.6561252916,20.6060270137,22.117884905700002,17.4265852509,11.677349746400001,12.4332786924,8.61742604968,9.431826303160001,6.247115759750001,6.855194333459999,4.14951743872,4.657089782830001,-2.96,120795972.248,26.1129230439,11.849897701500002,5.87651709456,220.80761929099998,29.3271969271,11.8187331461,11.499023666600001,0.0,0.0,0.0,4.98397852095,0.0,5.26189155474,0.0,23.2018797805,25.6012277425,56.4395839526,53.3266684332,14.210588861400002,45.4795772619,5.26189155474,14.7837979826,0.0,6.42082162293,65.9147196633,46.0710299646,0.0,23.317756812600003,19.5273774654,11.374772549400001,17.2485354999,23.2018797805,75.381729042,0.0,11.3311128675,11.9842731146,30.4623118455,10.0452666275,10.902924932100001,0.0,82.88,0.0,5.26189155474,0.0,0.0,61.741833065,39.1446036525,13.3066411129,19.2425316782,12.1327341369,33.2174798821,37.4124686419,0.0,12.6041288893,0.0,0.0,0.0,0.0,0.0,0.0,0.0,67.2847599996,0.38461538461499994,36.0,1.0,8.0,0.0,1.0,1.0,2.0,1.0,3.0,8.0,1.0,10.0,9.0,0.0,1.0,1.0,4.0,5.19038,143.3557,0.0,0.0,0.0,0.0,0.0,1.0,0.0,0.0,0.0,0.0,0.0,0.0,0.0,0.0,0.0,4.0,1.0,0.0,0.0,1.0,0.0,0.0,0.0,0.0,0.0,0.0,0.0,0.0,0.0,2.0,0.0,0.0,0.0,0.0,2.0,0.0,1.0,0.0,0.0,0.0,0.0,3.0,0.0,0.0,2.0,0.0,0.0,0.0,0.0,0.0,0.0,0.0,0.0,0.0,0.0,2.0,0.0,1.0,0.0,0.0,0.0,0.0,0.0,0.0,0.0,0.0,0.0,0.0,0.0,0.0,1.0,0.0,0.0,1.0,0.0,0.0,0.0,0.0,0.0,0.0,0.0,0.0,0.0,1.0,0.0,270.0
5329102,0.255944105115,0.0,371.26599999999996,13.650463200799999,0.358205853309,13.650463200799999,-0.358205853309,398.211804324,154.0,-0.403882065647,0.14317205740299999,0.255944105115,1.83351217088,973.432151391,21.129027554100002,17.2795028509,17.2795028509,13.849774308099999,9.87906491889,9.87906491889,7.148501272000001,7.148501272000001,5.36453933216,5.36453933216,3.66277878095,3.66277878095,-2.93,3245583.09967,20.795284859000002,8.61106978477,4.24412738777,169.729666574,20.5174654598,5.81722084105,0.0,0.0,11.814359458699998,0.0,9.589074368139999,4.3904150476699995,0.0,0.0,13.847474399400001,56.775560015100005,35.7282065679,11.1365560218,13.9794894158,29.1508703703,0.0,15.2006768558,0.0,27.694948798800002,31.4958142277,52.0945325112,0.0,0.0,10.633577208,10.077801322400001,0.0,0.0,47.8772733342,4.794537184069999,19.6646952404,46.7202220482,18.199101205399998,0.0,11.6491246369,0.0,77.23,5.81722084105,13.9794894158,0.0,11.814359458699998,34.626078188899996,30.8916487043,12.1327341369,12.1423871753,13.847474399400001,34.3649398592,0.0,0.0,0.0,0.0,0.0,0.0,0.0,0.0,0.0,13.650463200799999,56.5162034658,0.363636363636,29.0,3.0,6.0,0.0,1.0,1.0,1.0,1.0,2.0,3.0,3.0,7.0,7.0,0.0,0.0,0.0,3.0,3.33494,113.2886,0.0,0.0,0.0,0.0,0.0,1.0,1.0,0.0,0.0,0.0,2.0,2.0,0.0,0.0,0.0,1.0,3.0,0.0,0.0,1.0,0.0,1.0,0.0,0.0,0.0,0.0,0.0,2.0,0.0,1.0,1.0,0.0,0.0,0.0,1.0,0.0,1.0,0.0,0.0,0.0,0.0,0.0,0.0,0.0,1.0,0.0,0.0,0.0,0.0,0.0,0.0,0.0,0.0,0.0,0.0,0.0,0.0,0.0,0.0,0.0,0.0,0.0,0.0,0.0,0.0,0.0,0.0,0.0,0.0,0.0,0.0,0.0,0.0,0.0,0.0,0.0,0.0,0.0,0.0,0.0,0.0,0.0,0.0,0.0,0.0,180.0
5330790,0.286934635865,0.0,382.267,13.7679176508,0.367547101835,13.7679176508,-0.367547101835,394.065965684,140.0,-3.8439142390800005,0.100686850769,0.286934635865,1.8759414809000001,1108.70406362,19.7672202346,13.426715317100001,14.243211898,12.6637223636,7.27734162145,8.82366109937,5.30161039738,6.86303345485,3.4401668175999998,4.36939805101,2.19165639597,2.70709622194,-3.38,973939.0125450001,18.412249175899998,6.7355806002600005,3.7534068377900005,151.22042746,11.050456081199998,17.1978931738,0.0,21.9199697154,5.907179729349999,0.0,4.794537184069999,22.3376008173,9.66578145609,5.098681808299999,6.06636706846,36.398202410799996,5.687386274680001,4.89548347552,21.9931642638,33.5145357194,0.0,14.7644632644,5.13897373761,4.89548347552,11.050456081199998,59.662462653,0.0,0.0,16.1894298188,26.364894932,0.0,0.0,29.0894399781,10.0232911534,11.6344416821,10.3579886758,47.3600529547,0.0,0.0,0.0,145.99,39.0767033375,21.9931642638,0.0,10.843822756500002,10.3691892098,18.199101205399998,24.2654682738,0.0,0.0,15.399448933299999,10.8726412148,0.0,-3.8439142390800005,0.0,0.0,0.0,0.0,0.0,0.0,50.5384974141,37.055416825,0.0,27.0,5.0,9.0,0.0,0.0,0.0,2.0,1.0,3.0,8.0,3.0,12.0,4.0,0.0,0.0,0.0,3.0,1.218,91.6188,0.0,0.0,0.0,1.0,0.0,3.0,0.0,0.0,0.0,0.0,1.0,1.0,0.0,0.0,0.0,3.0,1.0,2.0,0.0,0.0,0.0,0.0,0.0,0.0,0.0,0.0,0.0,0.0,0.0,3.0,0.0,0.0,0.0,0.0,2.0,0.0,0.0,0.0,0.0,0.0,0.0,0.0,0.0,0.0,2.0,0.0,0.0,0.0,0.0,0.0,0.0,0.0,0.0,0.0,0.0,0.0,0.0,0.0,0.0,0.0,0.0,0.0,0.0,0.0,0.0,0.0,0.0,0.0,0.0,0.0,0.0,0.0,0.0,0.0,0.0,0.0,1.0,0.0,0.0,0.0,0.0,0.0,0.0,0.0,0.0,3900.0
5494449,0.226983298293,0.0,436.375,11.989515299,0.353850400361,11.989515299,-0.353850400361,464.210678516,172.0,0.11382709612700001,0.11382709612700001,0.226983298293,1.3466040076499999,1119.74500477,22.785881803600002,18.8366571299,19.653153710799998,16.013173026300002,11.220984138499999,12.037480719400001,8.63544334618,9.67612038387,5.7605826891100005,6.633598848150001,3.6349387800599997,4.40108754148,-3.11,61462440.9214,21.7209022447,9.4016590142,5.634264073709999,196.923932134,20.4333966697,11.635725555699999,10.9742992597,5.907179729349999,0.0,0.0,9.89321899237,9.96795704189,5.098681808299999,0.0,0.0,62.8404056515,60.5064635518,0.0,4.794537184069999,40.8100392869,0.0,25.065230389299998,5.91790604616,29.8173004029,48.760184545200005,42.0921304056,0.0,0.0,15.533486938900001,23.1409746082,0.0,11.7618849494,64.199107725,4.794537184069999,12.841643245899999,18.535571240699998,46.450122368100004,0.0,0.0,0.0,102.07,0.0,4.794537184069999,0.0,11.8250857755,10.9742992597,66.9331921702,11.7618849494,0.0,43.3219396105,37.678432269,9.96795704189,0.0,1.50224447804,0.0,0.0,0.0,0.0,0.0,0.0,0.0,67.49775552199999,0.391304347826,33.0,3.0,9.0,1.0,1.0,2.0,1.0,2.0,3.0,8.0,3.0,10.0,7.0,1.0,1.0,2.0,5.0,3.50322,130.2681,0.0,0.0,0.0,0.0,0.0,4.0,1.0,0.0,0.0,0.0,1.0,1.0,0.0,0.0,0.0,5.0,3.0,0.0,0.0,1.0,0.0,1.0,0.0,0.0,0.0,0.0,0.0,1.0,0.0,4.0,1.0,0.0,0.0,0.0,1.0,0.0,0.0,0.0,0.0,0.0,0.0,0.0,0.0,0.0,0.0,0.0,0.0,0.0,0.0,0.0,0.0,0.0,0.0,0.0,0.0,0.0,0.0,0.0,0.0,0.0,0.0,0.0,0.0,0.0,0.0,0.0,0.0,0.0,0.0,0.0,1.0,0.0,0.0,0.0,0.0,0.0,0.0,0.0,0.0,0.0,0.0,0.0,0.0,0.0,0.0,1900.0
6445562,0.24768919052900001,0.0,444.74800000000005,13.5755934057,0.491617156955,13.5755934057,-0.491617156955,467.152430876,170.0,-0.54538329387,0.0481804542855,0.24768919052900001,2.06958994932,1253.81365306,23.9574546789,18.447082029300002,19.203010975399998,15.8161008033,10.1597284246,10.5376928976,7.364957683819999,7.772157810560001,4.57619168066,4.86583814233,3.07508452866,3.25562715889,-3.67,17860813.1887,23.9819460835,10.7678841725,5.975639772719999,195.98069251400003,20.2703498927,17.6359539871,0.0,5.907179729349999,0.0,0.0,9.77851570502,4.3904150476699995,5.26189155474,0.0,17.6769599971,45.2845494389,35.957597641999996,34.0844400369,13.9218151855,45.473203375699995,5.26189155474,9.8838882518,0.0,6.92373719969,37.880559543800004,65.0840247741,0.0,11.8187331461,15.370440161800001,21.4525738717,5.749511833280001,11.6009398902,43.0380503169,4.794537184069999,17.1483337086,12.487188691400002,48.6807191276,5.02263331374,10.902924932100001,0.0,90.28,5.81722084105,14.4468437865,0.0,16.4932645348,46.8662339598,0.0,30.471964883800002,18.2087542438,25.918990895900002,21.6867770418,16.337802844000002,0.0,5.90532549689,0.0,0.0,0.0,0.0,0.0,0.0,13.5755934057,63.2968588751,0.20833333333299997,33.0,2.0,7.0,0.0,0.0,0.0,2.0,1.0,3.0,6.0,2.0,9.0,8.0,0.0,0.0,0.0,3.0,5.097580000000001,128.6434,0.0,0.0,0.0,0.0,0.0,1.0,0.0,0.0,0.0,0.0,1.0,1.0,0.0,0.0,0.0,3.0,2.0,0.0,0.0,1.0,0.0,0.0,0.0,0.0,0.0,0.0,0.0,1.0,0.0,3.0,0.0,0.0,0.0,0.0,2.0,0.0,1.0,0.0,0.0,0.0,0.0,1.0,0.0,0.0,2.0,0.0,0.0,0.0,0.0,0.0,0.0,0.0,0.0,0.0,0.0,0.0,0.0,1.0,0.0,0.0,0.0,0.0,0.0,0.0,0.0,0.0,0.0,0.0,0.0,0.0,0.0,0.0,0.0,1.0,0.0,0.0,0.0,0.0,0.0,0.0,0.0,0.0,0.0,0.0,0.0,290.0
9915743,0.24768919052900001,0.0,527.822,12.6127793412,0.491617156955,12.6127793412,-0.491617156955,556.198966468,204.0,-0.297099514152,0.27966563260899996,0.24768919052900001,1.6436705717,1567.75623939,28.4845524164,22.4410873002,23.197016246300002,19.371743696,12.5875796806,12.9655441536,8.99102092047,9.39822104721,5.69017305771,5.98554262293,3.8320476178300007,4.06714472062,-4.65,786267411.0339999,28.360387751599998,13.4229993878,7.2569056627899995,237.57038664200002,25.0072128465,24.175126943899997,0.0,5.907179729349999,0.0,0.0,14.762494226,0.0,5.26189155474,0.0,23.7433270655,57.4172835758,42.1544412136,39.7783680318,14.268263091700002,45.473203375699995,5.26189155474,14.8678667727,0.0,13.5306191642,37.880559543800004,89.3566767049,0.0,17.5682449794,20.1073031156,17.062158824100003,11.499023666600001,11.6009398902,48.0220288379,11.401419148599999,11.3311128675,18.1811166862,73.0766639046,5.02263331374,10.902924932100001,0.0,112.4,0.0,10.0564287388,0.0,12.5140616939,63.2018305986,5.69392799485,12.272863678399998,42.6046990208,44.1180921013,26.6707555627,21.074665797799998,0.0,6.516716135449999,0.0,0.0,0.0,0.0,0.0,0.0,0.0,85.927728309,0.2,40.0,2.0,9.0,0.0,0.0,0.0,2.0,2.0,4.0,8.0,2.0,10.0,11.0,0.0,0.0,0.0,4.0,5.93248,157.2544,0.0,0.0,0.0,0.0,0.0,2.0,0.0,0.0,0.0,0.0,1.0,1.0,0.0,0.0,0.0,4.0,2.0,0.0,0.0,1.0,0.0,0.0,0.0,0.0,0.0,0.0,0.0,1.0,0.0,3.0,0.0,0.0,0.0,0.0,2.0,0.0,1.0,0.0,0.0,0.0,0.0,2.0,0.0,0.0,1.0,0.0,0.0,0.0,0.0,0.0,0.0,0.0,0.0,0.0,0.0,0.0,0.0,1.0,0.0,0.0,0.0,0.0,0.0,0.0,0.0,0.0,0.0,0.0,0.0,0.0,0.0,0.0,0.0,2.0,0.0,0.0,0.0,0.0,0.0,0.0,0.0,0.0,0.0,0.0,0.0,96.0
9977819,0.28288243264699997,0.0,371.27,14.313918205999999,0.39733085532799994,14.313918205999999,-0.39733085532799994,392.176087512,148.0,-0.497950138927,0.08351601764569999,0.28288243264699997,1.52159306384,1180.14286567,20.1205913857,15.997732559000001,15.997732559000001,14.0080403908,9.54677737672,9.54677737672,7.48480337344,7.48480337344,5.60706739212,5.60706739212,3.95125066131,3.95125066131,-3.39,6569989.47841,17.691146997,6.59452385147,2.92262209263,166.557939224,26.1670641469,17.2112994672,0.0,0.0,5.907179729349999,0.0,4.794537184069999,9.38281978031,0.0,0.0,6.06636706846,37.379507325,31.8664118983,27.6476922863,9.18495223175,28.6663778665,0.0,4.89990973085,10.7260722098,0.0,48.760184545200005,64.1853823018,0.0,0.0,31.843034839899996,21.4525738717,0.0,0.0,44.0337870665,4.794537184069999,5.81722084105,0.0,52.7846857695,0.0,5.69703931306,0.0,85.99,11.7244005704,9.18495223175,0.0,21.846024266999997,5.82097409604,43.24118444770001,12.1327341369,6.06636706846,6.06636706846,44.6062075219,5.73366747716,0.0,0.0,0.0,0.0,0.0,0.0,0.0,0.0,14.313918205999999,53.3527484607,0.23809523809500002,29.0,4.0,7.0,0.0,3.0,3.0,2.0,0.0,2.0,6.0,3.0,8.0,1.0,0.0,1.0,1.0,5.0,0.5534,110.2068,0.0,0.0,0.0,0.0,0.0,0.0,0.0,0.0,0.0,0.0,1.0,1.0,0.0,0.0,0.0,3.0,2.0,1.0,0.0,1.0,0.0,0.0,0.0,0.0,0.0,0.0,0.0,1.0,0.0,3.0,0.0,0.0,0.0,0.0,2.0,0.0,2.0,0.0,0.0,0.0,0.0,0.0,0.0,0.0,1.0,0.0,0.0,0.0,0.0,0.0,0.0,0.0,0.0,0.0,0.0,0.0,0.0,0.0,0.0,0.0,0.0,0.0,0.0,0.0,0.0,0.0,0.0,0.0,0.0,0.0,1.0,0.0,0.0,0.0,0.0,0.0,0.0,0.0,0.0,0.0,0.0,0.0,0.0,0.0,0.0,250.0
10138259,0.255944105115,0.0,415.275,13.6958712229,0.389951375466,13.6958712229,-0.389951375466,442.201633564,170.0,-0.6881710043829999,0.130685742145,0.255944105115,1.47233769829,1072.18895137,22.8276981669,18.1265285685,18.1265285685,15.3294075959,10.6168970964,10.6168970964,8.14254681075,8.14254681075,5.827420554269999,5.827420554269999,4.152239585569999,4.152239585569999,-3.01,18419820.7581,22.193486436500002,9.23416812749,4.59485940095,184.99655651700002,25.460946077600003,5.81722084105,0.0,0.0,11.814359458699998,0.0,14.488984099000001,4.3904150476699995,0.0,0.0,0.0,43.6860472033,48.8177193797,30.454286338499998,23.822879764499998,29.1508703703,0.0,15.2006768558,0.0,19.9514407871,44.7095781567,52.0945325112,0.0,0.0,10.633577208,10.077801322400001,0.0,0.0,72.3015310458,9.53140013787,19.6646952404,32.872747648899995,18.199101205399998,0.0,11.6491246369,0.0,106.69,11.921187228800001,19.0860168107,0.0,18.3591158646,59.0972216045,13.0895128118,18.199101205399998,19.923494506199997,0.0,20.5174654598,4.7368629538,0.0,0.0,0.0,0.0,0.0,0.0,0.0,0.0,13.6958712229,66.3041287771,0.391304347826,32.0,4.0,8.0,0.0,2.0,2.0,1.0,1.0,2.0,5.0,4.0,9.0,6.0,0.0,1.0,1.0,4.0,1.6862400000000002,118.7664,0.0,1.0,1.0,0.0,0.0,1.0,1.0,0.0,0.0,0.0,2.0,2.0,0.0,1.0,0.0,1.0,3.0,0.0,0.0,0.0,0.0,1.0,0.0,0.0,0.0,0.0,0.0,2.0,0.0,1.0,1.0,0.0,0.0,0.0,1.0,0.0,1.0,0.0,0.0,0.0,0.0,1.0,0.0,0.0,1.0,0.0,0.0,0.0,0.0,0.0,0.0,0.0,0.0,0.0,0.0,0.0,1.0,0.0,0.0,0.0,0.0,0.0,0.0,0.0,0.0,0.0,0.0,0.0,0.0,0.0,0.0,0.0,0.0,0.0,0.0,0.0,0.0,0.0,0.0,0.0,0.0,0.0,0.0,0.0,0.0,470.0
10461815,0.25594302076,0.0,607.349,13.8409387328,0.35820574915299996,13.8409387328,-0.35820574915299996,640.1677819280001,226.0,-3.83590122796,0.0143367973784,0.25594302076,1.2931202275799998,1738.35950659,30.465526368400003,24.1743607735,26.5027152465,20.5297143258,14.588513176500001,16.9967073488,11.6448134601,14.448789121199999,8.81353808513,11.1626402476,6.53086758017,8.65090824925,-3.11,5490000815.15,29.939235871300003,11.7645354898,5.7558387193,261.51123385,20.1005865867,0.0,9.83725313642,0.0,11.814359458699998,0.0,9.589074368139999,8.417796984330002,0.0,0.0,29.2682468489,94.59158064370001,57.3787655162,21.784893104000002,18.0068713525,62.1900032872,0.0,14.7837979826,0.0,56.2209388025,31.4958142277,80.08513099470001,0.0,0.0,5.316788604009999,5.687386274680001,0.0,23.2018797805,67.2368208785,20.3846439272,13.847474399400001,64.1194856323,41.293685886300004,10.0452666275,11.6491246369,0.0,102.58,9.83725313642,18.0068713525,0.0,38.5498039976,33.6447732747,50.278048356000006,24.974377382800004,30.341488380700003,18.7473841302,15.2006768558,23.2018797805,0.0,8.650502981830002,0.0,0.0,0.0,0.0,0.0,0.0,26.794465809400002,65.1939200977,0.375,43.0,2.0,8.0,0.0,3.0,3.0,2.0,1.0,3.0,5.0,2.0,11.0,7.0,0.0,2.0,2.0,6.0,6.10534,170.2937,0.0,0.0,0.0,0.0,0.0,1.0,1.0,0.0,0.0,0.0,2.0,2.0,0.0,0.0,0.0,2.0,2.0,0.0,0.0,0.0,2.0,1.0,0.0,0.0,0.0,0.0,0.0,2.0,0.0,1.0,1.0,0.0,0.0,0.0,2.0,0.0,1.0,0.0,0.0,0.0,0.0,0.0,0.0,0.0,2.0,0.0,0.0,0.0,0.0,0.0,0.0,0.0,0.0,0.0,0.0,0.0,0.0,0.0,0.0,0.0,0.0,0.0,0.0,0.0,0.0,0.0,0.0,0.0,0.0,0.0,0.0,0.0,0.0,0.0,0.0,0.0,0.0,1.0,0.0,0.0,0.0,0.0,0.0,0.0,0.0,3400.0
11213558,0.268733213943,0.0,447.277,14.4389625649,0.492633536444,14.4389625649,-0.492633536444,470.171396056,178.0,-1.0180775324200002,0.10603579883400001,0.268733213943,1.58228985211,1227.4450584,24.4574546789,19.1475980578,19.1475980578,16.2330451307,10.118764133300001,10.118764133300001,7.663899863839999,7.663899863839999,4.91353806609,4.91353806609,3.18587116889,3.18587116889,-4.35,35160434.8018,22.8300876623,8.88538789654,4.42068179273,194.18412409400003,34.8978176272,5.81786277784,40.3025327076,11.6978511143,5.907179729349999,0.0,4.794537184069999,14.3583720896,4.98397852095,0.0,0.0,25.9802085363,17.8201204116,27.5262361954,28.1324040469,34.9964936185,0.0,14.9519355628,0.0,19.4485252104,37.2797584359,36.2795326865,0.0,22.9980473331,34.8978176272,33.4797289368,22.9980473331,0.0,47.789558727,4.794537184069999,5.81722084105,13.847474399400001,30.4623118455,0.0,0.0,0.0,128.75,11.418271652,9.18495223175,0.0,29.3091073438,28.685433607800004,6.1968435716100005,21.3293926238,38.1129426732,0.0,30.9023013749,18.9474518152,0.0,0.0,0.0,0.0,0.0,0.0,0.0,0.0,14.4389625649,70.64437076850001,0.272727272727,34.0,3.0,11.0,0.0,1.0,1.0,1.0,2.0,3.0,10.0,3.0,12.0,7.0,0.0,0.0,0.0,4.0,3.6332,122.2271,0.0,0.0,0.0,0.0,0.0,3.0,0.0,0.0,0.0,0.0,1.0,1.0,0.0,0.0,0.0,3.0,3.0,0.0,0.0,0.0,0.0,0.0,0.0,0.0,0.0,0.0,0.0,1.0,0.0,5.0,0.0,0.0,0.0,0.0,1.0,0.0,1.0,0.0,0.0,0.0,0.0,4.0,0.0,0.0,1.0,0.0,0.0,0.0,0.0,0.0,0.0,0.0,0.0,0.0,0.0,3.0,0.0,0.0,0.0,0.0,0.0,0.0,0.0,0.0,0.0,0.0,0.0,0.0,0.0,0.0,0.0,0.0,0.0,1.0,0.0,0.0,0.0,0.0,0.0,0.0,0.0,0.0,0.0,0.0,0.0,3.3
11427553,0.253439490569,0.0,312.247,12.468092175599999,0.336100398287,12.468092175599999,-0.336100398287,332.16371126,126.0,0.106782287244,0.106782287244,0.253439490569,1.49059376428,904.8506702880001,17.0622671645,13.9046052981,13.9046052981,12.309663088099999,8.52390792846,8.52390792846,6.15197351572,6.15197351572,4.49531813008,4.49531813008,3.07416072632,3.07416072632,-2.92,1149508.41771,15.5985855025,6.90683138979,3.3196968723799998,145.89780239700002,10.2166983349,0.0,0.0,0.0,5.907179729349999,0.0,9.89321899237,0.0,5.098681808299999,0.0,36.4078554491,29.8385728039,37.1287013298,11.2106287125,4.794537184069999,28.9621448751,0.0,20.414061951500003,0.0,0.0,26.1790256237,65.3517675259,0.0,0.0,5.316788604009999,0.0,0.0,0.0,47.183478700500004,0.0,0.0,21.6153681623,48.5309365477,0.0,23.054965145700002,0.0,61.02,0.0,4.794537184069999,0.0,5.907179729349999,0.0,53.902781534,0.0,0.0,65.5828864922,15.5141522206,0.0,0.0,0.0,0.0,0.0,0.0,0.0,0.0,0.0,0.0,53.0,0.2,25.0,2.0,5.0,0.0,1.0,1.0,2.0,1.0,3.0,3.0,2.0,5.0,3.0,0.0,1.0,1.0,4.0,2.7787,100.2369,0.0,0.0,0.0,0.0,0.0,2.0,1.0,0.0,0.0,0.0,1.0,1.0,0.0,0.0,0.0,2.0,2.0,0.0,0.0,0.0,0.0,1.0,0.0,0.0,0.0,0.0,0.0,1.0,0.0,0.0,0.0,0.0,0.0,0.0,2.0,0.0,1.0,0.0,0.0,0.0,0.0,0.0,0.0,0.0,0.0,0.0,0.0,0.0,0.0,0.0,0.0,0.0,0.0,0.0,0.0,0.0,0.0,0.0,0.0,0.0,0.0,0.0,0.0,0.0,1.0,0.0,0.0,0.0,0.0,0.0,1.0,0.0,0.0,0.0,0.0,0.0,0.0,0.0,0.0,0.0,0.0,0.0,0.0,0.0,0.0,330.0
11656518,0.43230873849600004,0.0,502.293,12.853011153599999,0.457155486584,12.853011153599999,-0.457155486584,518.128978452,190.0,-4.5578533741600005,0.0583929172169,0.43230873849600004,1.35642168556,1569.70010378,26.3716682413,18.8157424716,18.8157424716,17.4694962619,10.6448288195,10.6448288195,7.967143358210001,7.967143358210001,5.411601349040001,5.411601349040001,3.5622148679500003,3.5622148679500003,-4.55,205690578.469,24.157997689299997,8.83517543919,5.0560067814,204.323032715,19.6047297265,22.8868796563,5.824404498,5.94833928099,0.0,12.3525970349,4.98397852095,9.96795704189,26.342490286,0.0,0.0,42.4645694792,31.064635965900003,22.793696498499997,31.0793532398,22.6691269909,0.0,24.5030137316,7.04767198268,12.3525970349,5.316788604009999,78.2483702459,0.0,23.017356159400002,10.0536515578,37.9782158417,11.499023666600001,0.0,24.5030137316,19.4002690176,0.0,11.257379486500001,66.99099075939999,0.0,22.5517339281,0.0,80.65,23.6099765214,26.342490286,0.0,11.518332492799999,34.8482935115,17.6494348545,30.4623118455,29.8138728359,0.0,25.252702687800003,4.7368629538,0.0,0.0,0.0,0.0,0.0,0.0,0.0,0.0,78.6878504171,31.9788162496,0.125,37.0,2.0,7.0,0.0,0.0,0.0,2.0,3.0,5.0,6.0,2.0,13.0,5.0,0.0,0.0,0.0,5.0,6.9319,122.3354,0.0,0.0,0.0,0.0,0.0,5.0,1.0,0.0,0.0,0.0,0.0,0.0,0.0,0.0,0.0,4.0,2.0,0.0,0.0,0.0,0.0,1.0,0.0,0.0,0.0,6.0,0.0,0.0,0.0,2.0,1.0,0.0,0.0,0.0,2.0,0.0,1.0,0.0,0.0,0.0,0.0,1.0,0.0,0.0,6.0,0.0,0.0,2.0,0.0,0.0,0.0,0.0,0.0,0.0,0.0,0.0,0.0,0.0,0.0,0.0,0.0,0.0,0.0,0.0,0.0,0.0,0.0,0.0,0.0,0.0,0.0,0.0,0.0,1.0,0.0,0.0,0.0,0.0,0.0,0.0,0.0,0.0,0.0,0.0,0.0,55.0
11667893,0.258910784913,0.0,350.276,12.8522649361,0.38386776653800003,12.8522649361,-0.38386776653800003,373.190260356,142.0,-0.192096770807,0.102450505742,0.258910784913,1.4973169396000001,1000.81876806,19.5622671645,15.9903917357,15.9903917357,13.5268065704,9.30393378343,9.30393378343,7.560508592060001,7.560508592060001,4.988996194369999,4.988996194369999,3.3840917275300004,3.3840917275300004,-3.41,3232800.04333,17.9767429945,7.306717223610001,3.6665195203800005,163.979817677,15.950365812000001,5.81786277784,0.0,0.0,5.907179729349999,0.0,9.77851570502,4.98397852095,0.0,0.0,19.9138414678,47.525105394200004,48.4698065454,5.5634514916999995,4.794537184069999,23.099815056599997,0.0,9.96795704189,0.0,25.807221274699998,22.4951222179,77.7454546692,0.0,0.0,15.950365812000001,17.1926353272,0.0,0.0,22.4198931772,11.9597468753,0.0,35.3323660585,61.0551001941,0.0,0.0,0.0,78.94,0.0,4.794537184069999,0.0,11.322170198699999,17.9260706754,23.482980447,5.5634514916999995,30.7232648518,24.2654682738,45.8321643218,0.0,0.0,0.0,0.0,0.0,0.0,0.0,0.0,0.0,0.0,60.4166666667,0.227272727273,28.0,3.0,6.0,0.0,1.0,1.0,1.0,2.0,3.0,5.0,3.0,6.0,5.0,0.0,0.0,0.0,4.0,4.0441,111.7116,0.0,0.0,0.0,0.0,0.0,2.0,0.0,0.0,0.0,0.0,1.0,1.0,0.0,0.0,0.0,2.0,3.0,0.0,0.0,0.0,0.0,0.0,0.0,0.0,0.0,0.0,0.0,1.0,0.0,3.0,0.0,0.0,0.0,0.0,1.0,0.0,1.0,0.0,0.0,0.0,0.0,0.0,0.0,0.0,0.0,0.0,0.0,0.0,0.0,0.0,0.0,0.0,0.0,0.0,0.0,0.0,0.0,0.0,0.0,0.0,0.0,0.0,0.0,0.0,0.0,0.0,0.0,0.0,0.0,0.0,0.0,0.0,0.0,2.0,0.0,0.0,0.0,0.0,0.0,0.0,0.0,0.0,0.0,0.0,0.0,4400.0
15983966,0.416313188623,0.0,515.391,13.548129550899999,0.484202981836,13.548129550899999,-0.484202981836,543.191580796,200.0,-4.529673384880001,0.023333975862599998,0.416313188623,1.44498940167,1456.69156598,27.026368779600002,21.0338795394,21.8503761204,18.096375354,12.2357044882,13.0522010692,9.50441443066,10.5350633126,6.767853971749999,7.898032745610001,4.6950169225,5.62217814964,-3.41,382580596.87,26.2072235059,10.3927798745,5.40221803612,221.781220789,15.370440161800001,28.0590274662,0.0,0.0,5.907179729349999,6.176298517439999,14.2615465627,4.98397852095,13.171245143,11.336785877899999,24.2654682738,37.7339618794,44.3536005897,16.596852926900002,22.7026452809,28.2773670425,0.0,19.3508976304,5.73366747716,25.7487585108,33.2266976063,76.4257582912,0.0,10.75059381,10.470530431,13.171245143,5.749511833280001,11.336785877899999,58.4847749661,12.721054923399999,0.0,39.389742440300004,54.8582566225,0.0,16.034483411900002,0.0,76.62,23.750896126199997,17.9657823271,0.0,16.1901105187,5.00108197669,66.7237879029,25.1228384051,12.3936871432,10.6334667163,33.9642041022,10.470530431,0.0,1.11411307045,0.0,0.0,0.0,0.0,0.0,0.0,42.492710648,52.8098429482,0.33333333333299997,38.0,2.0,7.0,0.0,1.0,1.0,2.0,2.0,4.0,7.0,1.0,11.0,7.0,0.0,1.0,1.0,5.0,5.0921,140.7259,0.0,0.0,0.0,0.0,0.0,2.0,0.0,0.0,0.0,0.0,1.0,1.0,0.0,0.0,0.0,4.0,0.0,1.0,0.0,1.0,0.0,0.0,0.0,0.0,0.0,3.0,0.0,1.0,0.0,0.0,0.0,0.0,0.0,0.0,2.0,0.0,1.0,0.0,0.0,0.0,0.0,1.0,0.0,0.0,3.0,0.0,0.0,1.0,0.0,0.0,0.0,0.0,0.0,0.0,0.0,0.0,0.0,0.0,0.0,0.0,0.0,0.0,0.0,0.0,0.0,0.0,0.0,0.0,0.0,0.0,1.0,1.0,0.0,0.0,0.0,0.0,0.0,0.0,0.0,0.0,0.0,0.0,1.0,0.0,0.0,4100.0
16038120,0.228839902948,0.0,573.896,12.9086115228,0.49449803967699996,12.9086115228,-0.49449803967699996,613.26018682,226.0,-3.5219242401199997,0.188900121957,0.228839902948,1.28355425512,1487.96801448,29.8547959044,24.6773825538,26.249808080700003,20.1502354745,14.4051759681,16.329459919,11.1721301225,14.051984233099999,8.12684257762,10.6136906247,5.49111659623,6.83112635358,-3.12,2428113295.12,30.341471792199997,13.0306694767,6.74806003262,253.50385000400001,25.170259623499998,10.772145147,15.655115914300001,5.94833928099,0.0,0.0,4.89990973085,13.4017755053,4.98397852095,0.0,23.7336740272,58.0022579018,57.0641326078,34.8268351678,13.1546599381,50.2665539095,0.0,19.7677765036,0.0,42.8763799799,68.9594948983,53.6840463646,0.0,5.749511833280001,20.2703498927,28.8283608829,5.749511833280001,11.6009398902,92.90336030649999,9.83725313642,0.0,26.6891176452,53.5568965264,5.02263331374,0.0,0.0,102.93,15.0871911664,8.417796984330002,0.0,9.91811678926,34.9323272706,57.797567956,6.1968435716100005,45.2227402145,12.1327341369,48.415302493599995,16.337802844000002,0.0,2.88779878984,0.0,0.0,0.0,0.0,0.0,0.0,25.8172230456,62.8227559423,0.46666666666699996,42.0,2.0,10.0,0.0,2.0,2.0,2.0,1.0,3.0,10.0,2.0,12.0,9.0,0.0,2.0,2.0,5.0,5.0241,169.6702,0.0,0.0,0.0,0.0,0.0,2.0,0.0,0.0,0.0,0.0,0.0,0.0,0.0,0.0,0.0,5.0,2.0,0.0,0.0,1.0,0.0,0.0,0.0,0.0,0.0,0.0,0.0,0.0,0.0,5.0,0.0,0.0,0.0,0.0,2.0,0.0,0.0,0.0,0.0,0.0,0.0,1.0,0.0,0.0,1.0,0.0,0.0,0.0,0.0,0.0,0.0,0.0,0.0,0.0,0.0,1.0,0.0,0.0,0.0,0.0,0.0,0.0,0.0,0.0,1.0,0.0,0.0,0.0,0.0,1.0,1.0,0.0,0.0,0.0,0.0,0.0,0.0,1.0,0.0,0.0,0.0,0.0,0.0,0.0,0.0,1100.0
16722836,0.240616948591,0.0,488.403,12.7333785772,0.492262120509,12.7333785772,-0.492262120509,524.2569600119999,198.0,-3.65350613773,0.180760311197,0.240616948591,1.3938414809399997,1300.46191574,26.468044558400003,21.913427058200003,22.729923639099997,17.5714313276,12.5434930294,14.026656277,10.2801458402,11.962548081600001,5.8047217652,7.56035927372,4.030981872880001,5.49485669071,-3.21,165392195.1,26.8417884652,11.4530032494,7.884602953430001,219.27716094099998,15.370440161800001,18.1742565756,0.0,15.9716304344,0.0,0.0,4.89990973085,18.1238703697,4.98397852095,0.0,6.06636706846,96.0906743357,35.218749271,4.89548347552,13.1546599381,33.1642657616,0.0,19.589961637200002,0.0,50.9710007725,36.8747283903,60.291231611,0.0,5.749511833280001,20.092535026300002,23.1409746082,5.749511833280001,0.0,55.0657401917,10.0232911534,6.92373719969,39.1763063366,59.623263594799994,0.0,0.0,0.0,108.48,15.5622164058,8.417796984330002,0.0,4.89548347552,24.060470298000002,23.5451060056,25.9311560577,30.4623118455,51.9604170726,30.2235388452,4.7368629538,0.0,-3.65350613773,0.0,0.0,0.0,0.0,0.0,0.0,25.466757154299998,60.0200823168,0.407407407407,37.0,3.0,9.0,0.0,1.0,1.0,2.0,1.0,3.0,8.0,3.0,10.0,10.0,0.0,1.0,1.0,4.0,4.82362,147.4619,0.0,0.0,0.0,0.0,0.0,2.0,0.0,0.0,0.0,0.0,0.0,0.0,0.0,0.0,0.0,3.0,3.0,0.0,0.0,0.0,1.0,0.0,0.0,0.0,0.0,0.0,0.0,0.0,0.0,4.0,1.0,0.0,0.0,0.0,2.0,0.0,0.0,0.0,0.0,0.0,0.0,1.0,0.0,0.0,0.0,0.0,0.0,0.0,0.0,0.0,0.0,0.0,0.0,0.0,0.0,0.0,0.0,0.0,0.0,0.0,0.0,0.0,0.0,0.0,0.0,0.0,0.0,0.0,0.0,0.0,0.0,0.0,0.0,0.0,0.0,0.0,1.0,0.0,0.0,0.0,0.0,0.0,0.0,0.0,0.0,100.0
24180719,0.232305136257,0.0,399.721,14.786044798599999,0.34538927081500004,14.786044798599999,-0.34538927081500004,413.041246428,142.0,-3.8139671922400002,0.0357728384564,0.232305136257,2.08880732381,1145.77629687,19.7672202346,14.0150650847,15.587490611700002,12.731182586600001,7.89017521209,9.92040491142,5.78603978977,8.06434375814,3.7988361984599996,5.482158356679999,2.6271629614900003,3.9172952121599995,-2.52,1032455.9659999999,19.247380728499998,7.241185926980001,3.78777217551,158.165235926,4.98397852095,11.4643980618,5.81722084105,15.8065360998,0.0,0.0,9.51663204852,22.1826056006,0.0,0.0,18.5246770899,24.6199228283,23.343362849400002,22.0263246869,21.9931642638,44.128263699899996,0.0,9.96795704189,0.0,13.3445588226,10.4749484712,58.3767663278,0.0,0.0,4.72209486445,14.46821637,0.0,11.6009398902,29.921852579299998,10.0232911534,11.6344416821,29.2659989901,30.592788348600003,5.02263331374,11.0334014352,0.0,91.92,38.691815548200005,21.9931642638,0.0,16.3389384122,17.4542230582,12.1327341369,18.4600542117,6.92373719969,4.72209486445,9.96795704189,11.6009398902,0.0,2.06185616482,0.0,0.0,0.0,0.0,0.0,0.0,52.7788635326,25.1870580803,0.176470588235,27.0,2.0,6.0,0.0,0.0,0.0,1.0,2.0,3.0,4.0,2.0,10.0,6.0,0.0,0.0,0.0,3.0,3.8772,98.5947,0.0,0.0,0.0,0.0,0.0,2.0,1.0,0.0,0.0,0.0,1.0,1.0,0.0,0.0,0.0,1.0,2.0,0.0,0.0,0.0,0.0,1.0,0.0,0.0,0.0,0.0,0.0,0.0,0.0,1.0,0.0,0.0,0.0,0.0,1.0,0.0,1.0,0.0,0.0,0.0,0.0,0.0,0.0,0.0,3.0,0.0,0.0,0.0,0.0,0.0,0.0,1.0,0.0,0.0,0.0,0.0,0.0,0.0,0.0,0.0,0.0,0.0,0.0,0.0,0.0,0.0,0.0,0.0,0.0,0.0,0.0,0.0,0.0,1.0,0.0,0.0,1.0,0.0,0.0,0.0,0.0,0.0,0.0,0.0,0.0,1300.0
44299148,0.252133443347,0.0,440.333,13.3220807397,0.37479134115400004,13.3220807397,-0.37479134115400004,466.20049069199996,176.0,-0.7598920540440001,0.0035672293608800002,0.252133443347,1.72290830116,1748.01257454,23.6370992436,19.8842385859,19.8842385859,17.0798653531,12.2531214832,12.2531214832,10.1374733957,10.1374733957,8.59624047028,8.59624047028,7.33428657168,7.33428657168,-3.39,283668581.964,19.8678810774,6.42895909166,2.12402399097,201.11658967099999,29.2415024112,12.331867558499999,5.72498559397,0.0,5.907179729349999,0.0,4.794537184069999,0.0,0.0,0.0,36.398202410799996,31.667594811,47.6621132571,27.6302543622,14.268263091700002,49.5188794577,0.0,19.7677765036,0.0,43.9880092101,14.157469524000001,59.657839531099995,0.0,0.0,10.633577208,0.0,0.0,0.0,41.3446557658,21.7434679075,0.0,35.4939001608,48.5309365477,0.0,43.611699728299996,0.0,69.45,5.72498559397,4.794537184069999,0.0,24.280888116999996,6.544756405909999,61.1594243346,0.0,7.10979754128,7.04767198268,75.222450251,9.4737259076,0.0,0.0,0.0,0.0,0.0,0.0,0.0,0.0,4.700250850340001,66.883082483,0.321428571429,35.0,2.0,7.0,0.0,3.0,3.0,3.0,2.0,5.0,6.0,2.0,7.0,2.0,0.0,1.0,1.0,8.0,4.354,135.6479,0.0,0.0,0.0,0.0,0.0,2.0,0.0,0.0,0.0,0.0,1.0,1.0,0.0,0.0,0.0,2.0,2.0,0.0,0.0,1.0,0.0,0.0,0.0,0.0,0.0,0.0,0.0,1.0,0.0,0.0,0.0,0.0,0.0,0.0,3.0,0.0,13.0,0.0,0.0,0.0,0.0,2.0,0.0,0.0,0.0,0.0,0.0,0.0,0.0,0.0,0.0,0.0,0.0,0.0,0.0,1.0,0.0,0.0,0.0,0.0,0.0,0.0,0.0,0.0,2.0,0.0,0.0,0.0,0.0,0.0,0.0,0.0,0.0,0.0,0.0,0.0,0.0,0.0,0.0,0.0,0.0,0.0,0.0,0.0,0.0,16.0
57397989,0.25800411277699997,0.0,450.352,12.9763681679,0.35436192210600004,12.9763681679,-0.35436192210600004,481.247775232,184.0,-0.131102130594,0.07554499502050001,0.25800411277699997,1.36786886637,1278.53137857,25.070338854000003,20.6992247728,20.6992247728,17.4912036384,12.2439823744,12.2439823744,9.31978668998,9.31978668998,6.836935266569999,6.836935266569999,4.60931124165,4.60931124165,-3.94,215131881.241,23.7856473696,10.3555000798,5.02724197903,211.560959029,20.4333966697,0.0,0.0,5.907179729349999,5.907179729349999,0.0,14.488984099000001,0.0,0.0,0.0,48.5309365477,42.9429588167,55.8523079221,17.814900249,9.589074368139999,40.1466621259,0.0,9.7998194617,0.0,0.0,62.3526129338,89.9896748734,0.0,0.0,15.533486938900001,17.062158824100003,0.0,0.0,68.4333049153,9.589074368139999,0.0,11.126902983399999,78.86277189,0.0,11.2701438431,0.0,67.92,0.0,9.589074368139999,0.0,11.814359458699998,12.117860936,60.0651267442,0.0,4.89990973085,85.9104438727,27.481068652399998,0.0,0.0,0.0,0.0,0.0,0.0,0.0,0.0,0.0,0.0,77.5,0.241379310345,36.0,2.0,7.0,0.0,2.0,2.0,3.0,0.0,3.0,5.0,2.0,7.0,6.0,0.0,1.0,1.0,5.0,3.8293,145.7394,0.0,0.0,0.0,0.0,0.0,0.0,0.0,0.0,0.0,0.0,2.0,2.0,0.0,0.0,0.0,3.0,2.0,0.0,0.0,2.0,0.0,0.0,0.0,0.0,0.0,0.0,0.0,2.0,0.0,3.0,0.0,0.0,0.0,0.0,3.0,0.0,1.0,0.0,0.0,0.0,0.0,0.0,0.0,0.0,0.0,0.0,0.0,0.0,0.0,0.0,0.0,0.0,0.0,0.0,0.0,0.0,0.0,0.0,0.0,0.0,0.0,0.0,0.0,0.0,1.0,0.0,0.0,0.0,0.0,0.0,1.0,0.0,0.0,0.0,0.0,0.0,0.0,0.0,0.0,0.0,0.0,0.0,0.0,0.0,0.0,2000.0
71717270,0.252133443347,0.0,418.30300000000005,13.1637705333,0.393180301972,13.1637705333,-0.393180301972,439.153206152,164.0,-1.47732280644,0.0555242058243,0.252133443347,1.77557123287,1730.45054813,22.2752919241,17.9228237292,17.9228237292,15.983112013800001,11.287180384300001,11.287180384300001,9.672362453189999,9.672362453189999,8.23350285387,8.23350285387,6.731937741169999,6.731937741169999,-3.39,98632045.2486,18.083174168499998,5.39013794612,1.7494532606200002,187.31176553400002,29.4009056431,11.828951981700001,5.72498559397,0.0,5.907179729349999,0.0,4.794537184069999,0.0,0.0,0.0,36.398202410799996,24.6199228283,34.5104748867,34.2371363267,19.7444549276,49.5188794577,0.0,14.450987899600001,0.0,37.4432528042,6.606881964509999,59.657839531099995,0.0,0.0,5.316788604009999,0.0,0.0,0.0,37.462366590100004,17.0066049537,0.0,35.4939001608,48.5309365477,0.0,43.611699728299996,0.0,88.65,24.1608195402,15.0075919738,0.0,12.3280013523,6.544756405909999,54.738602711700004,0.0,0.0,49.3883066789,20.5173549681,4.7368629538,0.0,0.0,0.0,0.0,0.0,0.0,0.0,0.0,4.20319066515,69.4634760015,0.269230769231,33.0,3.0,7.0,0.0,3.0,3.0,3.0,2.0,5.0,6.0,3.0,7.0,1.0,0.0,1.0,1.0,8.0,3.4744,124.0388,0.0,2.0,1.0,0.0,0.0,2.0,0.0,0.0,0.0,0.0,1.0,1.0,0.0,0.0,0.0,2.0,1.0,0.0,0.0,0.0,0.0,0.0,0.0,0.0,0.0,0.0,0.0,1.0,0.0,0.0,0.0,0.0,0.0,0.0,3.0,0.0,13.0,0.0,0.0,0.0,0.0,1.0,0.0,0.0,0.0,0.0,0.0,0.0,0.0,0.0,0.0,0.0,0.0,0.0,0.0,0.0,0.0,0.0,0.0,0.0,0.0,0.0,0.0,0.0,2.0,0.0,0.0,0.0,0.0,0.0,0.0,0.0,0.0,0.0,0.0,0.0,0.0,0.0,0.0,0.0,0.0,0.0,0.0,0.0,0.0,4.1
